url_path,views_total,views_unique
/vhive-serverless/vSwarm/tree/main/benchmarks,80,14
/vhive-serverless/vSwarm,58,27
/vhive-serverless/vSwarm/tree/main/benchmarks/hotel-app,26,4
/vhive-serverless/vSwarm/blob/main/docs/running_benchmarks.md,21,5
/vhive-serverless/vSwarm/tree/main/docs,16,4
/vhive-serverless/vSwarm/tree/main/benchmarks/aes,14,7
/vhive-serverless/vSwarm/blob/main/benchmarks/README.md,14,5
/vhive-serverless/vSwarm/tree/main/benchmarks/fibonacci,14,3
/vhive-serverless/vSwarm/tree/main/benchmarks/online-shop,13,3
/vhive-serverless/vSwarm/tree/main,11,5
