referrer,views_total,views_unique
Google,106,4
github.com,38,3
