referrer,views_total,views_unique
github.com,25,3
Google,8,5
it.overleaf.com,2,2
doubao.com,1,1
