referrer,views_total,views_unique
Google,38,2
github.com,11,5
ease-lab.github.io,10,2
iscaconf.org,1,1
vhive-serverless.github.io,1,1
ustiugov.github.io,1,1
cn.bing.com,1,1
