url_path,views_total,views_unique
/vhive-serverless/vHive,181,80
/vhive-serverless/vHive/blob/main/docs/quickstart_guide.md,85,23
/vhive-serverless/vHive/tree/main/function-images,73,7
/vhive-serverless/vHive/tree/main/ctriface,45,1
/vhive-serverless/vHive/pulls,35,5
/vhive-serverless/vHive/tree/main/profile,26,2
/vhive-serverless/vHive/blob/main/ctriface/iface.go,23,2
/vhive-serverless/vHive/issues,21,9
/vhive-serverless/vHive/tree/main/function-images/rnn_serving,21,2
/vhive-serverless/vHive/tree/main/examples,20,6
