url_path,views_total,views_unique
/ease-lab/vhive,170,66
/ease-lab/vhive/tree/main/examples,48,6
/ease-lab/vhive/tree/main/function-images,42,5
/ease-lab/vhive/tree/main/examples/knative-eventing-tutorial,26,3
/ease-lab/vhive/blob/main/docs/quickstart_guide.md,23,11
/ease-lab/vhive/issues,23,10
/ease-lab/vhive/tree/main/examples/knative-eventing-tutorial/cmd/server,20,3
/ease-lab/vhive/search,19,5
/ease-lab/vhive/tree/main/examples/protobuf/helloworld,19,2
/ease-lab/vhive/tree/main/function-images/video_processing_s3,19,1
